1,2002,31
1,2003,33
1,2004,47
1,2005,27
1,2006,27
1,2007,29
1,2008,26
1,2009,45
1,2010,38
1,2011,40
1,2012,28
1,2013,34
1,2014,47
1,2015,32
1,2016,23
2,2002,16
2,2003,30
2,2004,32
2,2005,32
2,2006,44
2,2007,27
2,2008,33
2,2009,41
2,2010,33
2,2011,23
2,2012,18
2,2013,29
2,2014,36
2,2015,24
2,2016,38
3,2002,26
3,2003,23
3,2004,31
3,2005,30
3,2006,32
3,2007,35
3,2008,43
3,2009,25
3,2010,27
3,2011,34
3,2012,27
3,2013,26
3,2014,37
3,2015,30
3,2016,22
4,2002,21
4,2003,28
4,2004,22
4,2005,35
4,2006,28
4,2007,24
4,2008,43
4,2009,27
4,2010,31
4,2011,34
4,2012,20
4,2013,19
4,2014,35
4,2015,20
4,2016,28
5,2002,22
5,2003,30
5,2004,37
5,2005,20
5,2006,35
5,2007,32
5,2008,22
5,2009,36
5,2010,42
5,2011,29
5,2012,20
5,2013,35
5,2014,47
5,2015,23
5,2016,41
6,2002,37
6,2003,38
6,2004,33
6,2005,25
6,2006,33
6,2007,23
6,2008,21
6,2009,27
6,2010,21
6,2011,21
6,2012,36
6,2013,30
6,2014,15
6,2015,20
6,2016,22
7,2002,39
7,2003,35
7,2004,23
7,2005,36
7,2006,33
7,2007,26
7,2008,29
7,2009,19
7,2010,38
7,2011,43
7,2012,37
7,2013,31
7,2014,30
7,2015,23
7,2016,18
8,2002,29
8,2003,35
8,2004,33
8,2005,23
8,2006,28
8,2007,33
8,2008,35
8,2009,30
8,2010,44
8,2011,33
8,2012,24
8,2013,27
8,2014,42
8,2015,42
8,2016,29
9,2002,20
9,2003,21
9,2004,45
9,2005,24
9,2006,39
9,2007,37
9,2008,32
9,2009,24
9,2010,19
9,2011,24
9,2012,25
9,2013,43
9,2014,26
9,2015,32
9,2016,23
10,2002,26
10,2003,44
10,2004,36
10,2005,33
10,2006,44
10,2007,38
10,2008,46
10,2009,28
10,2010,37
10,2011,23
10,2012,21
10,2013,17
10,2014,27
10,2015,24
10,2016,38
