1,2002,96
1,2003,102
1,2004,125
1,2005,92
1,2006,112
1,2007,79
1,2008,87
1,2009,123
1,2010,135
1,2011,119
1,2012,98
1,2013,98
1,2014,132
1,2015,90
1,2016,98
2,2002,93
2,2003,87
2,2004,116
2,2005,114
2,2006,132
2,2007,96
2,2008,99
2,2009,137
2,2010,127
2,2011,80
2,2012,77
2,2013,89
2,2014,134
2,2015,81
2,2016,112
3,2002,79
3,2003,97
3,2004,75
3,2005,112
3,2006,92
3,2007,116
3,2008,131
3,2009,94
3,2010,99
3,2011,116
3,2012,72
3,2013,76
3,2014,151
3,2015,113
3,2016,79
4,2002,70
4,2003,113
4,2004,83
4,2005,121
4,2006,89
4,2007,81
4,2008,120
4,2009,87
4,2010,99
4,2011,99
4,2012,81
4,2013,65
4,2014,126
4,2015,74
4,2016,113
5,2002,94
5,2003,101
5,2004,110
5,2005,64
5,2006,129
5,2007,124
5,2008,86
5,2009,129
5,2010,115
5,2011,70
5,2012,71
5,2013,108
5,2014,143
5,2015,96
5,2016,129
6,2002,113
6,2003,124
6,2004,89
6,2005,118
6,2006,87
6,2007,79
6,2008,95
6,2009,99
6,2010,72
6,2011,82
6,2012,124
6,2013,127
6,2014,69
6,2015,88
6,2016,90
7,2002,121
7,2003,114
7,2004,66
7,2005,110
7,2006,97
7,2007,89
7,2008,106
7,2009,74
7,2010,128
7,2011,121
7,2012,102
7,2013,122
7,2014,96
7,2015,95
7,2016,76
8,2002,99
8,2003,123
8,2004,109
8,2005,92
8,2006,101
8,2007,124
8,2008,99
8,2009,119
8,2010,124
8,2011,130
8,2012,80
8,2013,99
8,2014,116
8,2015,137
8,2016,119
9,2002,77
9,2003,89
9,2004,136
9,2005,96
9,2006,117
9,2007,117
9,2008,110
9,2009,101
9,2010,75
9,2011,89
9,2012,71
9,2013,144
9,2014,136
9,2015,124
9,2016,84
10,2002,86
10,2003,134
10,2004,127
10,2005,104
10,2006,140
10,2007,103
10,2008,128
10,2009,102
10,2010,127
10,2011,83
10,2012,70
10,2013,66
10,2014,91
10,2015,78
10,2016,107
