1,2002,47
1,2003,44
1,2004,55
1,2005,50
1,2006,58
1,2007,34
1,2008,44
1,2009,54
1,2010,71
1,2011,54
1,2012,44
1,2013,39
1,2014,65
1,2015,39
1,2016,47
2,2002,53
2,2003,38
2,2004,57
2,2005,60
2,2006,62
2,2007,46
2,2008,48
2,2009,68
2,2010,64
2,2011,39
2,2012,40
2,2013,43
2,2014,73
2,2015,45
2,2016,51
3,2002,31
3,2003,57
3,2004,26
3,2005,59
3,2006,38
3,2007,57
3,2008,61
3,2009,55
3,2010,48
3,2011,63
3,2012,28
3,2013,32
3,2014,82
3,2015,63
3,2016,41
4,2002,33
4,2003,65
4,2004,48
4,2005,68
4,2006,44
4,2007,49
4,2008,53
4,2009,43
4,2010,41
4,2011,46
4,2012,50
4,2013,35
4,2014,66
4,2015,36
4,2016,49
5,2002,54
5,2003,51
5,2004,51
5,2005,37
5,2006,61
5,2007,68
5,2008,49
5,2009,64
5,2010,48
5,2011,30
5,2012,36
5,2013,49
5,2014,69
5,2015,44
5,2016,71
6,2002,47
6,2003,63
6,2004,41
6,2005,78
6,2006,35
6,2007,41
6,2008,52
6,2009,50
6,2010,40
6,2011,39
6,2012,70
6,2013,75
6,2014,37
6,2015,51
6,2016,48
7,2002,59
7,2003,56
7,2004,34
7,2005,58
7,2006,44
7,2007,41
7,2008,51
7,2009,39
7,2010,69
7,2011,58
7,2012,52
7,2013,68
7,2014,50
7,2015,53
7,2016,43
8,2002,47
8,2003,71
8,2004,52
8,2005,56
8,2006,49
8,2007,69
8,2008,46
8,2009,66
8,2010,62
8,2011,71
8,2012,42
8,2013,49
8,2014,48
8,2015,68
8,2016,67
9,2002,48
9,2003,46
9,2004,65
9,2005,55
9,2006,59
9,2007,60
9,2008,50
9,2009,54
9,2010,46
9,2011,46
9,2012,33
9,2013,64
9,2014,80
9,2015,65
9,2016,40
10,2002,47
10,2003,61
10,2004,63
10,2005,55
10,2006,63
10,2007,39
10,2008,63
10,2009,60
10,2010,61
10,2011,40
10,2012,35
10,2013,39
10,2014,49
10,2015,40
10,2016,55
