1,2002,18
1,2003,25
1,2004,23
1,2005,15
1,2006,27
1,2007,16
1,2008,17
1,2009,24
1,2010,26
1,2011,25
1,2012,26
1,2013,25
1,2014,20
1,2015,19
1,2016,28
2,2002,24
2,2003,19
2,2004,27
2,2005,22
2,2006,26
2,2007,23
2,2008,18
2,2009,28
2,2010,30
2,2011,18
2,2012,19
2,2013,17
2,2014,25
2,2015,12
2,2016,23
3,2002,22
3,2003,17
3,2004,18
3,2005,23
3,2006,22
3,2007,24
3,2008,27
3,2009,14
3,2010,24
3,2011,19
3,2012,17
3,2013,18
3,2014,32
3,2015,20
3,2016,16
4,2002,16
4,2003,20
4,2004,13
4,2005,18
4,2006,17
4,2007,8
4,2008,24
4,2009,17
4,2010,27
4,2011,19
4,2012,11
4,2013,11
4,2014,25
4,2015,18
4,2016,36
5,2002,18
5,2003,20
5,2004,22
5,2005,7
5,2006,33
5,2007,24
5,2008,15
5,2009,29
5,2010,25
5,2011,11
5,2012,15
5,2013,24
5,2014,27
5,2015,29
5,2016,17
6,2002,29
6,2003,23
6,2004,15
6,2005,15
6,2006,19
6,2007,15
6,2008,22
6,2009,22
6,2010,11
6,2011,22
6,2012,18
6,2013,22
6,2014,17
6,2015,17
6,2016,20
7,2002,23
7,2003,23
7,2004,9
7,2005,16
7,2006,20
7,2007,22
7,2008,26
7,2009,16
7,2010,21
7,2011,20
7,2012,13
7,2013,23
7,2014,16
7,2015,19
7,2016,15
8,2002,23
8,2003,17
8,2004,24
8,2005,13
8,2006,24
8,2007,22
8,2008,18
8,2009,23
8,2010,18
8,2011,26
8,2012,14
8,2013,23
8,2014,26
8,2015,27
8,2016,23
9,2002,9
9,2003,22
9,2004,26
9,2005,17
9,2006,19
9,2007,20
9,2008,28
9,2009,23
9,2010,10
9,2011,19
9,2012,13
9,2013,37
9,2014,30
9,2015,27
9,2016,21
10,2002,13
10,2003,29
10,2004,28
10,2005,16
10,2006,33
10,2007,26
10,2008,19
10,2009,14
10,2010,29
10,2011,20
10,2012,14
10,2013,10
10,2014,15
10,2015,14
10,2016,14
