1,2002,30
1,2003,37
1,2004,33
1,2005,27
1,2006,42
1,2007,33
1,2008,23
1,2009,33
1,2010,42
1,2011,39
1,2012,29
1,2013,28
1,2014,31
1,2015,21
1,2016,27
2,2002,40
2,2003,30
2,2004,29
2,2005,30
2,2006,31
2,2007,27
2,2008,30
2,2009,25
2,2010,33
2,2011,43
2,2012,29
2,2013,33
2,2014,40
2,2015,33
2,2016,36
3,2002,21
3,2003,34
3,2004,39
3,2005,33
3,2006,32
3,2007,31
3,2008,18
3,2009,28
3,2010,32
3,2011,32
3,2012,21
3,2013,23
3,2014,33
3,2015,32
3,2016,30
4,2002,35
4,2003,29
4,2004,20
4,2005,42
4,2006,43
4,2007,37
4,2008,39
4,2009,30
4,2010,25
4,2011,21
4,2012,41
4,2013,40
4,2014,29
4,2015,31
4,2016,30
5,2002,20
5,2003,18
5,2004,24
5,2005,38
5,2006,37
5,2007,27
5,2008,43
5,2009,30
5,2010,26
5,2011,38
5,2012,25
5,2013,27
5,2014,19
5,2015,23
5,2016,30
6,2002,27
6,2003,24
6,2004,45
6,2005,32
6,2006,46
6,2007,31
6,2008,27
6,2009,38
6,2010,34
6,2011,31
6,2012,47
6,2013,33
6,2014,30
6,2015,25
6,2016,30
7,2002,33
7,2003,38
7,2004,23
7,2005,28
7,2006,41
7,2007,35
7,2008,33
7,2009,32
7,2010,25
7,2011,31
7,2012,27
7,2013,35
7,2014,25
7,2015,35
7,2016,37
8,2002,24
8,2003,22
8,2004,19
8,2005,35
8,2006,23
8,2007,33
8,2008,17
8,2009,48
8,2010,42
8,2011,31
8,2012,31
8,2013,27
8,2014,28
8,2015,31
8,2016,33
9,2002,36
9,2003,25
9,2004,21
9,2005,24
9,2006,24
9,2007,30
9,2008,33
9,2009,35
9,2010,28
9,2011,38
9,2012,30
9,2013,49
9,2014,25
9,2015,22
9,2016,40
10,2002,29
10,2003,30
10,2004,22
10,2005,36
10,2006,29
10,2007,46
10,2008,24
10,2009,25
10,2010,36
10,2011,38
10,2012,30
10,2013,29
10,2014,27
10,2015,36
10,2016,52
