1,2002,56
1,2003,52
1,2004,53
1,2005,57
1,2006,69
1,2007,62
1,2008,48
1,2009,45
1,2010,50
1,2011,55
1,2012,84
1,2013,55
1,2014,53
1,2015,63
1,2016,38
2,2002,62
2,2003,55
2,2004,55
2,2005,53
2,2006,61
2,2007,44
2,2008,65
2,2009,59
2,2010,59
2,2011,68
2,2012,45
2,2013,58
2,2014,57
2,2015,43
2,2016,62
3,2002,35
3,2003,52
3,2004,71
3,2005,78
3,2006,64
3,2007,46
3,2008,36
3,2009,58
3,2010,66
3,2011,61
3,2012,53
3,2013,39
3,2014,53
3,2015,66
3,2016,53
4,2002,55
4,2003,51
4,2004,29
4,2005,64
4,2006,55
4,2007,58
4,2008,63
4,2009,45
4,2010,34
4,2011,47
4,2012,60
4,2013,40
4,2014,49
4,2015,38
4,2016,63
5,2002,62
5,2003,47
5,2004,49
5,2005,72
5,2006,63
5,2007,50
5,2008,72
5,2009,41
5,2010,39
5,2011,57
5,2012,42
5,2013,57
5,2014,52
5,2015,56
5,2016,59
6,2002,30
6,2003,61
6,2004,59
6,2005,43
6,2006,51
6,2007,57
6,2008,72
6,2009,58
6,2010,70
6,2011,56
6,2012,63
6,2013,56
6,2014,67
6,2015,41
6,2016,31
7,2002,44
7,2003,44
7,2004,42
7,2005,43
7,2006,56
7,2007,59
7,2008,50
7,2009,62
7,2010,55
7,2011,65
7,2012,63
7,2013,62
7,2014,34
7,2015,40
7,2016,59
8,2002,39
8,2003,33
8,2004,51
8,2005,58
8,2006,42
8,2007,46
8,2008,46
8,2009,58
8,2010,70
8,2011,52
8,2012,62
8,2013,50
8,2014,60
8,2015,45
8,2016,74
9,2002,57
9,2003,41
9,2004,31
9,2005,66
9,2006,49
9,2007,37
9,2008,85
9,2009,56
9,2010,58
9,2011,86
9,2012,65
9,2013,70
9,2014,52
9,2015,50
9,2016,74
10,2002,30
10,2003,54
10,2004,58
10,2005,59
10,2006,43
10,2007,56
10,2008,58
10,2009,49
10,2010,64
10,2011,61
10,2012,58
10,2013,33
10,2014,44
10,2015,57
10,2016,61
