1,2002,23
1,2003,13
1,2004,30
1,2005,23
1,2006,23
1,2007,22
1,2008,17
1,2009,21
1,2010,20
1,2011,26
1,2012,15
1,2013,14
1,2014,23
1,2015,19
1,2016,24
2,2002,30
2,2003,22
2,2004,25
2,2005,20
2,2006,31
2,2007,12
2,2008,26
2,2009,22
2,2010,21
2,2011,33
2,2012,23
2,2013,23
2,2014,37
2,2015,27
2,2016,27
3,2002,13
3,2003,14
3,2004,25
3,2005,30
3,2006,34
3,2007,18
3,2008,11
3,2009,13
3,2010,15
3,2011,32
3,2012,12
3,2013,18
3,2014,22
3,2015,28
3,2016,27
4,2002,11
4,2003,34
4,2004,16
4,2005,21
4,2006,20
4,2007,32
4,2008,28
4,2009,19
4,2010,18
4,2011,15
4,2012,24
4,2013,23
4,2014,23
4,2015,23
4,2016,24
5,2002,19
5,2003,12
5,2004,24
5,2005,24
5,2006,27
5,2007,16
5,2008,24
5,2009,10
5,2010,15
5,2011,33
5,2012,18
5,2013,22
5,2014,15
5,2015,22
5,2016,14
6,2002,13
6,2003,22
6,2004,25
6,2005,12
6,2006,27
6,2007,22
6,2008,20
6,2009,35
6,2010,14
6,2011,19
6,2012,25
6,2013,18
6,2014,31
6,2015,14
6,2016,12
7,2002,18
7,2003,14
7,2004,11
7,2005,18
7,2006,25
7,2007,34
7,2008,13
7,2009,24
7,2010,20
7,2011,23
7,2012,18
7,2013,17
7,2014,16
7,2015,19
7,2016,15
8,2002,14
8,2003,19
8,2004,19
8,2005,31
8,2006,20
8,2007,36
8,2008,16
8,2009,25
8,2010,24
8,2011,28
8,2012,22
8,2013,15
8,2014,16
8,2015,20
8,2016,23
9,2002,28
9,2003,24
9,2004,13
9,2005,26
9,2006,22
9,2007,18
9,2008,29
9,2009,23
9,2010,22
9,2011,24
9,2012,27
9,2013,24
9,2014,18
9,2015,15
9,2016,25
10,2002,20
10,2003,25
10,2004,27
10,2005,20
10,2006,18
10,2007,17
10,2008,22
10,2009,26
10,2010,21
10,2011,21
10,2012,7
10,2013,19
10,2014,12
10,2015,19
10,2016,33
