1,2002,109
1,2003,102
1,2004,116
1,2005,107
1,2006,134
1,2007,117
1,2008,88
1,2009,99
1,2010,112
1,2011,120
1,2012,128
1,2013,97
1,2014,107
1,2015,103
1,2016,89
2,2002,132
2,2003,107
2,2004,109
2,2005,103
2,2006,123
2,2007,83
2,2008,121
2,2009,106
2,2010,113
2,2011,144
2,2012,97
2,2013,114
2,2014,134
2,2015,103
2,2016,125
3,2002,69
3,2003,100
3,2004,135
3,2005,141
3,2006,130
3,2007,95
3,2008,65
3,2009,99
3,2010,113
3,2011,125
3,2012,86
3,2013,80
3,2014,108
3,2015,126
3,2016,110
4,2002,101
4,2003,114
4,2004,65
4,2005,127
4,2006,118
4,2007,127
4,2008,130
4,2009,94
4,2010,77
4,2011,83
4,2012,125
4,2013,103
4,2014,101
4,2015,92
4,2016,117
5,2002,101
5,2003,77
5,2004,97
5,2005,134
5,2006,127
5,2007,93
5,2008,139
5,2009,81
5,2010,80
5,2011,128
5,2012,85
5,2013,106
5,2014,86
5,2015,101
5,2016,103
6,2002,70
6,2003,107
6,2004,129
6,2005,87
6,2006,124
6,2007,110
6,2008,119
6,2009,131
6,2010,118
6,2011,106
6,2012,135
6,2013,107
6,2014,128
6,2015,80
6,2016,73
7,2002,95
7,2003,96
7,2004,76
7,2005,89
7,2006,122
7,2007,128
7,2008,96
7,2009,118
7,2010,100
7,2011,119
7,2012,108
7,2013,114
7,2014,75
7,2015,94
7,2016,111
8,2002,77
8,2003,74
8,2004,89
8,2005,124
8,2006,85
8,2007,115
8,2008,79
8,2009,131
8,2010,136
8,2011,111
8,2012,115
8,2013,92
8,2014,104
8,2015,96
8,2016,130
9,2002,121
9,2003,90
9,2004,65
9,2005,116
9,2006,95
9,2007,85
9,2008,147
9,2009,114
9,2010,108
9,2011,148
9,2012,122
9,2013,143
9,2014,95
9,2015,87
9,2016,139
10,2002,79
10,2003,109
10,2004,107
10,2005,115
10,2006,90
10,2007,119
10,2008,104
10,2009,100
10,2010,121
10,2011,120
10,2012,95
10,2013,81
10,2014,83
10,2015,112
10,2016,146
