1,2002,192
1,2003,195
1,2004,195
1,2005,174
1,2006,281
1,2007,113
1,2008,262
1,2009,307
1,2010,197
1,2011,134
1,2012,139
1,2013,307
1,2014,139
1,2015,301
1,2016,148
2,2002,198
2,2003,176
2,2004,181
2,2005,197
2,2006,188
2,2007,115
2,2008,239
2,2009,223
2,2010,141
2,2011,194
2,2012,151
2,2013,228
2,2014,245
2,2015,131
2,2016,259
3,2002,175
3,2003,130
3,2004,129
3,2005,231
3,2006,142
3,2007,230
3,2008,221
3,2009,162
3,2010,246
3,2011,225
3,2012,137
3,2013,203
3,2014,142
3,2015,177
3,2016,115
4,2002,180
4,2003,171
4,2004,174
4,2005,219
4,2006,232
4,2007,193
4,2008,193
4,2009,183
4,2010,189
4,2011,153
4,2012,121
4,2013,118
4,2014,246
4,2015,158
4,2016,188
5,2002,220
5,2003,220
5,2004,199
5,2005,280
5,2006,142
5,2007,185
5,2008,247
5,2009,270
5,2010,219
5,2011,234
5,2012,388
5,2013,144
5,2014,217
5,2015,314
5,2016,240
6,2002,220
6,2003,283
6,2004,215
6,2005,186
6,2006,295
6,2007,163
6,2008,148
6,2009,220
6,2010,164
6,2011,139
6,2012,230
6,2013,136
6,2014,131
6,2015,221
6,2016,186
7,2002,208
7,2003,151
7,2004,270
7,2005,221
7,2006,224
7,2007,74
7,2008,133
7,2009,299
7,2010,224
7,2011,266
7,2012,200
7,2013,201
7,2014,222
7,2015,200
7,2016,230
8,2002,140
8,2003,198
8,2004,214
8,2005,204
8,2006,211
8,2007,187
8,2008,124
8,2009,181
8,2010,220
8,2011,131
8,2012,231
8,2013,198
8,2014,225
8,2015,286
8,2016,245
9,2002,140
9,2003,187
9,2004,163
9,2005,203
9,2006,187
9,2007,83
9,2008,111
9,2009,284
9,2010,215
9,2011,232
9,2012,143
9,2013,237
9,2014,238
9,2015,249
9,2016,285
10,2002,167
10,2003,194
10,2004,128
10,2005,186
10,2006,91
10,2007,59
10,2008,145
10,2009,219
10,2010,261
10,2011,219
10,2012,151
10,2013,222
10,2014,160
10,2015,239
10,2016,182
