1,2002,53
1,2003,53
1,2004,40
1,2005,41
1,2006,58
1,2007,26
1,2008,80
1,2009,86
1,2010,47
1,2011,31
1,2012,31
1,2013,73
1,2014,35
1,2015,77
1,2016,34
2,2002,44
2,2003,36
2,2004,38
2,2005,42
2,2006,40
2,2007,30
2,2008,66
2,2009,55
2,2010,38
2,2011,41
2,2012,41
2,2013,52
2,2014,68
2,2015,31
2,2016,62
3,2002,39
3,2003,27
3,2004,25
3,2005,69
3,2006,35
3,2007,54
3,2008,51
3,2009,50
3,2010,69
3,2011,62
3,2012,39
3,2013,59
3,2014,40
3,2015,51
3,2016,37
4,2002,44
4,2003,41
4,2004,45
4,2005,59
4,2006,42
4,2007,55
4,2008,53
4,2009,52
4,2010,50
4,2011,40
4,2012,30
4,2013,34
4,2014,63
4,2015,39
4,2016,48
5,2002,62
5,2003,48
5,2004,58
5,2005,73
5,2006,34
5,2007,46
5,2008,61
5,2009,61
5,2010,59
5,2011,52
5,2012,88
5,2013,46
5,2014,53
5,2015,66
5,2016,49
6,2002,61
6,2003,73
6,2004,67
6,2005,46
6,2006,73
6,2007,36
6,2008,30
6,2009,65
6,2010,43
6,2011,42
6,2012,61
6,2013,42
6,2014,33
6,2015,58
6,2016,44
7,2002,49
7,2003,37
7,2004,61
7,2005,52
7,2006,52
7,2007,18
7,2008,39
7,2009,74
7,2010,55
7,2011,70
7,2012,52
7,2013,52
7,2014,50
7,2015,53
7,2016,52
8,2002,38
8,2003,44
8,2004,55
8,2005,47
8,2006,51
8,2007,49
8,2008,21
8,2009,51
8,2010,51
8,2011,32
8,2012,55
8,2013,45
8,2014,47
8,2015,81
8,2016,48
9,2002,41
9,2003,40
9,2004,38
9,2005,62
9,2006,44
9,2007,20
9,2008,31
9,2009,62
9,2010,49
9,2011,58
9,2012,34
9,2013,60
9,2014,51
9,2015,58
9,2016,75
10,2002,42
10,2003,44
10,2004,38
10,2005,48
10,2006,26
10,2007,15
10,2008,32
10,2009,52
10,2010,72
10,2011,62
10,2012,31
10,2013,60
10,2014,43
10,2015,66
10,2016,40
