1,2002,139
1,2003,142
1,2004,155
1,2005,133
1,2006,223
1,2007,87
1,2008,182
1,2009,221
1,2010,150
1,2011,103
1,2012,108
1,2013,234
1,2014,104
1,2015,224
1,2016,114
2,2002,154
2,2003,140
2,2004,143
2,2005,155
2,2006,148
2,2007,85
2,2008,173
2,2009,168
2,2010,103
2,2011,153
2,2012,110
2,2013,176
2,2014,177
2,2015,100
2,2016,197
3,2002,136
3,2003,103
3,2004,104
3,2005,162
3,2006,107
3,2007,176
3,2008,170
3,2009,112
3,2010,177
3,2011,163
3,2012,98
3,2013,144
3,2014,102
3,2015,126
3,2016,78
4,2002,136
4,2003,130
4,2004,129
4,2005,160
4,2006,190
4,2007,138
4,2008,140
4,2009,131
4,2010,139
4,2011,113
4,2012,91
4,2013,84
4,2014,183
4,2015,119
4,2016,140
5,2002,158
5,2003,172
5,2004,141
5,2005,207
5,2006,108
5,2007,139
5,2008,186
5,2009,209
5,2010,160
5,2011,182
5,2012,300
5,2013,98
5,2014,164
5,2015,248
5,2016,191
6,2002,159
6,2003,210
6,2004,148
6,2005,140
6,2006,222
6,2007,127
6,2008,118
6,2009,155
6,2010,121
6,2011,97
6,2012,169
6,2013,94
6,2014,98
6,2015,163
6,2016,142
7,2002,159
7,2003,114
7,2004,209
7,2005,169
7,2006,172
7,2007,56
7,2008,94
7,2009,225
7,2010,169
7,2011,196
7,2012,148
7,2013,149
7,2014,172
7,2015,147
7,2016,178
8,2002,102
8,2003,154
8,2004,159
8,2005,157
8,2006,160
8,2007,138
8,2008,103
8,2009,130
8,2010,169
8,2011,99
8,2012,176
8,2013,153
8,2014,178
8,2015,205
8,2016,197
9,2002,99
9,2003,147
9,2004,125
9,2005,141
9,2006,143
9,2007,63
9,2008,80
9,2009,222
9,2010,166
9,2011,174
9,2012,109
9,2013,177
9,2014,187
9,2015,191
9,2016,210
10,2002,125
10,2003,150
10,2004,90
10,2005,138
10,2006,65
10,2007,44
10,2008,113
10,2009,167
10,2010,189
10,2011,157
10,2012,120
10,2013,162
10,2014,117
10,2015,173
10,2016,142
