1,2002,95
1,2003,86
1,2004,95
1,2005,98
1,2006,86
1,2007,105
1,2008,96
1,2009,92
1,2010,102
1,2011,103
1,2012,106
1,2013,110
1,2014,110
1,2015,117
1,2016,121
2,2002,124
2,2003,99
2,2004,99
2,2005,101
2,2006,99
2,2007,96
2,2008,102
2,2009,89
2,2010,98
2,2011,99
2,2012,96
2,2013,85
2,2014,108
2,2015,102
2,2016,97
3,2002,100
3,2003,91
3,2004,112
3,2005,94
3,2006,88
3,2007,94
3,2008,94
3,2009,110
3,2010,93
3,2011,92
3,2012,93
3,2013,99
3,2014,100
3,2015,100
3,2016,102
4,2002,85
4,2003,102
4,2004,106
4,2005,86
4,2006,99
4,2007,109
4,2008,101
4,2009,104
4,2010,95
4,2011,103
4,2012,97
4,2013,116
4,2014,97
4,2015,87
4,2016,100
5,2002,100
5,2003,107
5,2004,106
5,2005,100
5,2006,104
5,2007,106
5,2008,104
5,2009,90
5,2010,102
5,2011,75
5,2012,89
5,2013,109
5,2014,85
5,2015,86
5,2016,81
6,2002,112
6,2003,106
6,2004,98
6,2005,100
6,2006,82
6,2007,99
6,2008,76
6,2009,101
6,2010,94
6,2011,96
6,2012,99
6,2013,105
6,2014,90
6,2015,109
6,2016,95
7,2002,103
7,2003,93
7,2004,100
7,2005,115
7,2006,104
7,2007,101
7,2008,85
7,2009,83
7,2010,97
7,2011,111
7,2012,96
7,2013,84
7,2014,96
7,2015,92
7,2016,109
8,2002,91
8,2003,95
8,2004,117
8,2005,97
8,2006,115
8,2007,96
8,2008,80
8,2009,102
8,2010,86
8,2011,106
8,2012,98
8,2013,96
8,2014,108
8,2015,109
8,2016,114
9,2002,93
9,2003,106
9,2004,96
9,2005,82
9,2006,95
9,2007,101
9,2008,97
9,2009,101
9,2010,90
9,2011,88
9,2012,88
9,2013,112
9,2014,101
9,2015,93
9,2016,90
10,2002,101
10,2003,111
10,2004,117
10,2005,109
10,2006,107
10,2007,98
10,2008,88
10,2009,92
10,2010,90
10,2011,113
10,2012,95
10,2013,107
10,2014,104
10,2015,82
10,2016,97
