1,2001,1039
1,2002,984
1,2003,933
1,2004,877
1,2005,824
1,2006,776
1,2007,733
1,2008,687
1,2009,634
1,2010,595
1,2011,555
1,2012,520
1,2013,488
1,2014,457
1,2015,431
1,2016,407
2,2001,999
2,2002,943
2,2003,886
2,2004,829
2,2005,778
2,2006,732
2,2007,671
2,2008,635
2,2009,599
2,2010,557
2,2011,510
2,2012,488
2,2013,448
2,2014,423
2,2015,394
2,2016,354
3,2001,1006
3,2002,934
3,2003,890
3,2004,847
3,2005,790
3,2006,741
3,2007,707
3,2008,668
3,2009,630
3,2010,594
3,2011,553
3,2012,516
3,2013,489
3,2014,459
3,2015,423
3,2016,384
4,2001,967
4,2002,907
4,2003,854
4,2004,804
4,2005,756
4,2006,697
4,2007,639
4,2008,603
4,2009,559
4,2010,517
4,2011,487
4,2012,454
4,2013,445
4,2014,414
4,2015,381
4,2016,353
5,2001,927
5,2002,869
5,2003,811
5,2004,752
5,2005,705
5,2006,658
5,2007,623
5,2008,582
5,2009,546
5,2010,497
5,2011,458
5,2012,405
5,2013,376
5,2014,349
5,2015,338
5,2016,314
6,2001,1006
6,2002,952
6,2003,907
6,2004,844
6,2005,795
6,2006,749
6,2007,714
6,2008,663
6,2009,611
6,2010,575
6,2011,533
6,2012,501
6,2013,463
6,2014,411
6,2015,380
6,2016,362
7,2001,1033
7,2002,993
7,2003,945
7,2004,897
7,2005,845
7,2006,803
7,2007,743
7,2008,702
7,2009,654
7,2010,604
7,2011,559
7,2012,524
7,2013,482
7,2014,460
7,2015,439
7,2016,413
8,2001,955
8,2002,896
8,2003,838
8,2004,787
8,2005,746
8,2006,691
8,2007,640
8,2008,579
8,2009,531
8,2010,485
8,2011,448
8,2012,420
8,2013,396
8,2014,369
8,2015,342
8,2016,327
9,2001,1020
9,2002,965
9,2003,906
9,2004,848
9,2005,793
9,2006,721
9,2007,676
9,2008,625
9,2009,578
9,2010,534
9,2011,501
9,2012,469
9,2013,425
9,2014,395
9,2015,376
9,2016,348
10,2001,945
10,2002,874
10,2003,822
10,2004,763
10,2005,731
10,2006,685
10,2007,642
10,2008,604
10,2009,559
10,2010,519
10,2011,478
10,2012,433
10,2013,402
10,2014,372
10,2015,347
10,2016,322
