1,2001,1965
1,2002,2024
1,2003,2071
1,2004,2128
1,2005,2184
1,2006,2217
1,2007,2273
1,2008,2328
1,2009,2373
1,2010,2411
1,2011,2451
1,2012,2485
1,2013,2551
1,2014,2586
1,2015,2629
1,2016,2688
2,2001,1989
2,2002,2077
2,2003,2134
2,2004,2191
2,2005,2251
2,2006,2288
2,2007,2329
2,2008,2382
2,2009,2413
2,2010,2448
2,2011,2489
2,2012,2525
2,2013,2543
2,2014,2588
2,2015,2612
2,2016,2645
3,2001,1950
3,2002,2008
3,2003,2057
3,2004,2125
3,2005,2165
3,2006,2207
3,2007,2227
3,2008,2268
3,2009,2317
3,2010,2346
3,2011,2372
3,2012,2407
3,2013,2447
3,2014,2484
3,2015,2513
3,2016,2540
4,2001,2019
4,2002,2064
4,2003,2117
4,2004,2184
4,2005,2214
4,2006,2271
4,2007,2321
4,2008,2367
4,2009,2402
4,2010,2433
4,2011,2464
4,2012,2500
4,2013,2533
4,2014,2577
4,2015,2589
4,2016,2611
5,2001,1982
5,2002,2034
5,2003,2094
5,2004,2141
5,2005,2192
5,2006,2246
5,2007,2280
5,2008,2329
5,2009,2377
5,2010,2427
5,2011,2448
5,2012,2470
5,2013,2517
5,2014,2520
5,2015,2538
5,2016,2548
6,2001,2018
6,2002,2079
6,2003,2127
6,2004,2187
6,2005,2224
6,2006,2264
6,2007,2307
6,2008,2333
6,2009,2377
6,2010,2411
6,2011,2442
6,2012,2491
6,2013,2537
6,2014,2566
6,2015,2613
6,2016,2633
7,2001,2069
7,2002,2124
7,2003,2175
7,2004,2240
7,2005,2309
7,2006,2360
7,2007,2410
7,2008,2443
7,2009,2458
7,2010,2491
7,2011,2534
7,2012,2562
7,2013,2592
7,2014,2615
7,2015,2631
7,2016,2663
8,2001,2049
8,2002,2105
8,2003,2157
8,2004,2227
8,2005,2284
8,2006,2355
8,2007,2402
8,2008,2426
8,2009,2469
8,2010,2484
8,2011,2513
8,2012,2540
8,2013,2576
8,2014,2620
8,2015,2662
8,2016,2682
9,2001,1988
9,2002,2038
9,2003,2091
9,2004,2138
9,2005,2175
9,2006,2233
9,2007,2291
9,2008,2338
9,2009,2379
9,2010,2416
9,2011,2434
9,2012,2457
9,2013,2503
9,2014,2537
9,2015,2569
9,2016,2574
10,2001,1983
10,2002,2045
10,2003,2107
10,2004,2161
10,2005,2206
10,2006,2259
10,2007,2317
10,2008,2346
10,2009,2379
10,2010,2403
10,2011,2451
10,2012,2482
10,2013,2533
10,2014,2570
10,2015,2581
10,2016,2613
