1,2002,91
1,2003,90
1,2004,94
1,2005,95
1,2006,101
1,2007,92
1,2008,87
1,2009,100
1,2010,103
1,2011,103
1,2012,107
1,2013,76
1,2014,106
1,2015,100
1,2016,86
2,2002,92
2,2003,99
2,2004,99
2,2005,92
2,2006,108
2,2007,116
2,2008,85
2,2009,94
2,2010,105
2,2011,105
2,2012,82
2,2013,107
2,2014,88
2,2015,107
2,2016,104
3,2002,114
3,2003,86
3,2004,87
3,2005,111
3,2006,95
3,2007,108
3,2008,92
3,2009,99
3,2010,100
3,2011,107
3,2012,95
3,2013,86
3,2014,93
3,2015,107
3,2016,114
4,2002,100
4,2003,102
4,2004,89
4,2005,104
4,2006,101
4,2007,117
4,2008,91
4,2009,113
4,2010,106
4,2011,102
4,2012,94
4,2013,92
4,2014,84
4,2015,108
4,2016,106
5,2002,106
5,2003,105
5,2004,118
5,2005,96
5,2006,97
5,2007,107
5,2008,96
5,2009,78
5,2010,101
5,2011,93
5,2012,120
5,2013,91
5,2014,109
5,2015,79
5,2016,95
6,2002,105
6,2003,103
6,2004,101
6,2005,112
6,2006,88
6,2007,91
6,2008,101
6,2009,109
6,2010,96
6,2011,107
6,2012,82
6,2013,97
6,2014,113
6,2015,93
6,2016,93
7,2002,88
7,2003,90
7,2004,83
7,2005,98
7,2006,95
7,2007,111
7,2008,93
7,2009,116
7,2010,114
7,2011,113
7,2012,103
7,2013,96
7,2014,95
7,2015,97
7,2016,103
8,2002,94
8,2003,101
8,2004,98
8,2005,81
8,2006,99
8,2007,100
8,2008,117
8,2009,107
8,2010,117
8,2011,114
8,2012,99
8,2013,84
8,2014,91
8,2015,94
8,2016,109
9,2002,98
9,2003,112
9,2004,107
9,2005,100
9,2006,109
9,2007,88
9,2008,101
9,2009,107
9,2010,97
9,2011,103
9,2012,97
9,2013,110
9,2014,97
9,2015,80
9,2016,113
10,2002,110
10,2003,101
10,2004,122
10,2005,96
10,2006,100
10,2007,83
10,2008,97
10,2009,104
10,2010,106
10,2011,106
10,2012,109
10,2013,87
10,2014,97
10,2015,96
10,2016,90
