1,2001,6996
1,2002,6992
1,2003,6996
1,2004,6995
1,2005,6992
1,2006,7007
1,2007,6994
1,2008,6985
1,2009,6993
1,2010,6994
1,2011,6994
1,2012,6995
1,2013,6961
1,2014,6957
1,2015,6940
1,2016,6905
2,2001,7012
2,2002,6980
2,2003,6980
2,2004,6980
2,2005,6971
2,2006,6980
2,2007,7000
2,2008,6983
2,2009,6988
2,2010,6995
2,2011,7001
2,2012,6987
2,2013,7009
2,2014,6989
2,2015,6994
2,2016,7001
3,2001,7044
3,2002,7058
3,2003,7053
3,2004,7028
3,2005,7045
3,2006,7052
3,2007,7066
3,2008,7064
3,2009,7053
3,2010,7060
3,2011,7075
3,2012,7077
3,2013,7064
3,2014,7057
3,2015,7064
3,2016,7076
4,2001,7014
4,2002,7029
4,2003,7029
4,2004,7012
4,2005,7030
4,2006,7032
4,2007,7040
4,2008,7030
4,2009,7039
4,2010,7050
4,2011,7049
4,2012,7046
4,2013,7022
4,2014,7009
4,2015,7030
4,2016,7036
5,2001,7091
5,2002,7097
5,2003,7095
5,2004,7107
5,2005,7103
5,2006,7096
5,2007,7097
5,2008,7089
5,2009,7077
5,2010,7076
5,2011,7094
5,2012,7125
5,2013,7107
5,2014,7131
5,2015,7124
5,2016,7138
6,2001,6976
6,2002,6969
6,2003,6966
6,2004,6969
6,2005,6981
6,2006,6987
6,2007,6979
6,2008,7004
6,2009,7012
6,2010,7014
6,2011,7025
6,2012,7008
6,2013,7000
6,2014,7023
6,2015,7007
6,2016,7005
7,2001,6898
7,2002,6883
7,2003,6880
7,2004,6863
7,2005,6846
7,2006,6837
7,2007,6847
7,2008,6855
7,2009,6888
7,2010,6905
7,2011,6907
7,2012,6914
7,2013,6926
7,2014,6925
7,2015,6930
7,2016,6924
8,2001,6996
8,2002,6999
8,2003,7005
8,2004,6986
8,2005,6970
8,2006,6954
8,2007,6958
8,2008,6995
8,2009,7000
8,2010,7031
8,2011,7039
8,2012,7040
8,2013,7028
8,2014,7011
8,2015,6996
8,2016,6991
9,2001,6992
9,2002,6997
9,2003,7003
9,2004,7014
9,2005,7032
9,2006,7046
9,2007,7033
9,2008,7037
9,2009,7043
9,2010,7050
9,2011,7065
9,2012,7074
9,2013,7072
9,2014,7068
9,2015,7055
9,2016,7078
10,2001,7072
10,2002,7081
10,2003,7071
10,2004,7076
10,2005,7063
10,2006,7056
10,2007,7041
10,2008,7050
10,2009,7062
10,2010,7078
10,2011,7071
10,2012,7085
10,2013,7065
10,2014,7058
10,2015,7072
10,2016,7065
