1,2002,64
1,2003,56
1,2004,67
1,2005,64
1,2006,56
1,2007,57
1,2008,51
1,2009,61
1,2010,53
1,2011,50
1,2012,48
1,2013,39
1,2014,44
1,2015,37
1,2016,33
2,2002,65
2,2003,64
2,2004,62
2,2005,63
2,2006,56
2,2007,67
2,2008,44
2,2009,45
2,2010,56
2,2011,53
2,2012,30
2,2013,49
2,2014,37
2,2015,42
2,2016,51
3,2002,81
3,2003,53
3,2004,58
3,2005,69
3,2006,57
3,2007,49
3,2008,45
3,2009,47
3,2010,48
3,2011,51
3,2012,45
3,2013,38
3,2014,39
3,2015,46
3,2016,52
4,2002,69
4,2003,62
4,2004,60
4,2005,62
4,2006,69
4,2007,68
4,2008,44
4,2009,55
4,2010,51
4,2011,43
4,2012,40
4,2013,24
4,2014,37
4,2015,43
4,2016,35
5,2002,71
5,2003,70
5,2004,68
5,2005,59
5,2006,55
5,2007,51
5,2008,49
5,2009,44
5,2010,56
5,2011,48
5,2012,63
5,2013,37
5,2014,41
5,2015,21
5,2016,30
6,2002,67
6,2003,59
6,2004,72
6,2005,61
6,2006,55
6,2007,41
6,2008,62
6,2009,58
6,2010,48
6,2011,47
6,2012,36
6,2013,45
6,2014,53
6,2015,37
6,2016,31
7,2002,52
7,2003,58
7,2004,57
7,2005,61
7,2006,48
7,2007,67
7,2008,49
7,2009,57
7,2010,65
7,2011,58
7,2012,47
7,2013,46
7,2014,34
7,2015,35
7,2016,34
8,2002,68
8,2003,68
8,2004,61
8,2005,47
8,2006,62
8,2007,58
8,2008,67
8,2009,55
8,2010,56
8,2011,52
8,2012,37
8,2013,35
8,2014,39
8,2015,35
8,2016,30
9,2002,67
9,2003,72
9,2004,67
9,2005,62
9,2006,78
9,2007,56
9,2008,65
9,2009,57
9,2010,50
9,2011,43
9,2012,41
9,2013,53
9,2014,37
9,2015,27
9,2016,36
10,2002,85
10,2003,66
10,2004,68
10,2005,45
10,2006,56
10,2007,50
10,2008,47
10,2009,57
10,2010,49
10,2011,48
10,2012,49
10,2013,39
10,2014,39
10,2015,31
10,2016,31
