1,2002,27
1,2003,34
1,2004,27
1,2005,31
1,2006,45
1,2007,35
1,2008,36
1,2009,39
1,2010,50
1,2011,53
1,2012,59
1,2013,37
1,2014,62
1,2015,63
1,2016,53
2,2002,27
2,2003,35
2,2004,37
2,2005,29
2,2006,52
2,2007,49
2,2008,41
2,2009,49
2,2010,49
2,2011,52
2,2012,52
2,2013,58
2,2014,51
2,2015,65
2,2016,53
3,2002,33
3,2003,33
3,2004,29
3,2005,42
3,2006,38
3,2007,59
3,2008,47
3,2009,52
3,2010,52
3,2011,56
3,2012,50
3,2013,48
3,2014,54
3,2015,61
3,2016,62
4,2002,31
4,2003,40
4,2004,29
4,2005,42
4,2006,32
4,2007,49
4,2008,47
4,2009,58
4,2010,55
4,2011,59
4,2012,54
4,2013,68
4,2014,47
4,2015,65
4,2016,71
5,2002,35
5,2003,35
5,2004,50
5,2005,37
5,2006,42
5,2007,56
5,2008,47
5,2009,34
5,2010,45
5,2011,45
5,2012,57
5,2013,54
5,2014,68
5,2015,58
5,2016,65
6,2002,38
6,2003,44
6,2004,29
6,2005,51
6,2006,33
6,2007,50
6,2008,39
6,2009,51
6,2010,48
6,2011,60
6,2012,46
6,2013,52
6,2014,60
6,2015,56
6,2016,62
7,2002,36
7,2003,32
7,2004,26
7,2005,37
7,2006,47
7,2007,44
7,2008,44
7,2009,59
7,2010,49
7,2011,55
7,2012,56
7,2013,50
7,2014,61
7,2015,62
7,2016,69
8,2002,26
8,2003,33
8,2004,37
8,2005,34
8,2006,37
8,2007,42
8,2008,50
8,2009,52
8,2010,61
8,2011,62
8,2012,62
8,2013,49
8,2014,52
8,2015,59
8,2016,79
9,2002,31
9,2003,40
9,2004,40
9,2005,38
9,2006,31
9,2007,32
9,2008,36
9,2009,50
9,2010,47
9,2011,60
9,2012,56
9,2013,57
9,2014,60
9,2015,53
9,2016,77
10,2002,25
10,2003,35
10,2004,54
10,2005,51
10,2006,44
10,2007,33
10,2008,50
10,2009,47
10,2010,57
10,2011,58
10,2012,60
10,2013,48
10,2014,58
10,2015,65
10,2016,59
