1,2002,9
1,2003,5
1,2004,11
1,2005,11
1,2006,8
1,2007,14
1,2008,5
1,2009,8
1,2010,14
1,2011,10
1,2012,13
1,2013,7
1,2014,13
1,2015,11
1,2016,9
2,2002,9
2,2003,7
2,2004,5
2,2005,12
2,2006,10
2,2007,6
2,2008,8
2,2009,9
2,2010,14
2,2011,6
2,2012,8
2,2013,9
2,2014,12
2,2015,13
2,2016,11
3,2002,9
3,2003,9
3,2004,15
3,2005,12
3,2006,8
3,2007,15
3,2008,6
3,2009,9
3,2010,12
3,2011,10
3,2012,8
3,2013,11
3,2014,9
3,2015,10
3,2016,13
4,2002,9
4,2003,9
4,2004,10
4,2005,14
4,2006,10
4,2007,10
4,2008,8
4,2009,11
4,2010,9
4,2011,13
4,2012,7
4,2013,15
4,2014,6
4,2015,10
4,2016,7
5,2002,13
5,2003,12
5,2004,9
5,2005,12
5,2006,8
5,2007,16
5,2008,8
5,2009,8
5,2010,7
5,2011,9
5,2012,10
5,2013,8
5,2014,14
5,2015,10
5,2016,6
6,2002,13
6,2003,14
6,2004,9
6,2005,12
6,2006,9
6,2007,6
6,2008,11
6,2009,6
6,2010,12
6,2011,5
6,2012,4
6,2013,7
6,2014,1
6,2015,6
6,2016,13
7,2002,12
7,2003,10
7,2004,9
7,2005,9
7,2006,6
7,2007,7
7,2008,8
7,2009,9
7,2010,15
7,2011,13
7,2012,12
7,2013,4
7,2014,12
7,2015,14
7,2016,8
8,2002,9
8,2003,10
8,2004,10
8,2005,6
8,2006,7
8,2007,7
8,2008,6
8,2009,7
8,2010,10
8,2011,15
8,2012,9
8,2013,11
8,2014,12
8,2015,8
8,2016,15
9,2002,12
9,2003,13
9,2004,9
9,2005,7
9,2006,6
9,2007,11
9,2008,14
9,2009,10
9,2010,6
9,2011,10
9,2012,9
9,2013,9
9,2014,7
9,2015,8
9,2016,8
10,2002,14
10,2003,14
10,2004,9
10,2005,13
10,2006,10
10,2007,7
10,2008,9
10,2009,12
10,2010,9
10,2011,7
10,2012,4
10,2013,8
10,2014,9
10,2015,6
10,2016,6
