1,2002,86
1,2003,81
1,2004,84
1,2005,87
1,2006,78
1,2007,91
1,2008,91
1,2009,84
1,2010,88
1,2011,93
1,2012,93
1,2013,103
1,2014,97
1,2015,106
1,2016,112
2,2002,115
2,2003,92
2,2004,94
2,2005,89
2,2006,89
2,2007,90
2,2008,94
2,2009,80
2,2010,84
2,2011,93
2,2012,88
2,2013,76
2,2014,96
2,2015,89
2,2016,86
3,2002,91
3,2003,82
3,2004,97
3,2005,82
3,2006,80
3,2007,79
3,2008,88
3,2009,101
3,2010,81
3,2011,82
3,2012,85
3,2013,88
3,2014,91
3,2015,90
3,2016,89
4,2002,76
4,2003,93
4,2004,96
4,2005,72
4,2006,89
4,2007,99
4,2008,93
4,2009,93
4,2010,86
4,2011,90
4,2012,90
4,2013,101
4,2014,91
4,2015,77
4,2016,93
5,2002,87
5,2003,95
5,2004,97
5,2005,88
5,2006,96
5,2007,90
5,2008,96
5,2009,82
5,2010,95
5,2011,66
5,2012,79
5,2013,101
5,2014,71
5,2015,76
5,2016,75
6,2002,99
6,2003,92
6,2004,89
6,2005,88
6,2006,73
6,2007,93
6,2008,65
6,2009,95
6,2010,82
6,2011,91
6,2012,95
6,2013,98
6,2014,89
6,2015,103
6,2016,82
7,2002,91
7,2003,83
7,2004,91
7,2005,106
7,2006,98
7,2007,94
7,2008,77
7,2009,74
7,2010,82
7,2011,98
7,2012,84
7,2013,80
7,2014,84
7,2015,78
7,2016,101
8,2002,82
8,2003,85
8,2004,107
8,2005,91
8,2006,108
8,2007,89
8,2008,74
8,2009,95
8,2010,76
8,2011,91
8,2012,89
8,2013,85
8,2014,96
8,2015,101
8,2016,99
9,2002,81
9,2003,93
9,2004,87
9,2005,75
9,2006,89
9,2007,90
9,2008,83
9,2009,91
9,2010,84
9,2011,78
9,2012,79
9,2013,103
9,2014,94
9,2015,85
9,2016,82
10,2002,87
10,2003,97
10,2004,108
10,2005,96
10,2006,97
10,2007,91
10,2008,79
10,2009,80
10,2010,81
10,2011,106
10,2012,91
10,2013,99
10,2014,95
10,2015,76
10,2016,91
