1,2002,35
1,2003,49
1,2004,29
1,2005,48
1,2006,32
1,2007,31
1,2008,34
1,2009,45
1,2010,45
1,2011,39
1,2012,42
1,2013,38
1,2014,32
1,2015,30
1,2016,46
2,2002,34
2,2003,41
2,2004,42
2,2005,31
2,2006,43
2,2007,33
2,2008,35
2,2009,30
2,2010,40
2,2011,39
2,2012,33
2,2013,34
2,2014,34
2,2015,42
2,2016,37
3,2002,36
3,2003,36
3,2004,22
3,2005,33
3,2006,29
3,2007,41
3,2008,32
3,2009,35
3,2010,28
3,2011,49
3,2012,38
3,2013,40
3,2014,41
3,2015,37
3,2016,45
4,2002,29
4,2003,36
4,2004,32
4,2005,34
4,2006,25
4,2007,36
4,2008,32
4,2009,37
4,2010,28
4,2011,44
4,2012,35
4,2013,36
4,2014,43
4,2015,40
4,2016,33
5,2002,28
5,2003,31
5,2004,32
5,2005,32
5,2006,33
5,2007,43
5,2008,37
5,2009,36
5,2010,43
5,2011,31
5,2012,25
5,2013,25
5,2014,31
5,2015,34
5,2016,33
6,2002,33
6,2003,33
6,2004,25
6,2005,36
6,2006,35
6,2007,37
6,2008,42
6,2009,43
6,2010,42
6,2011,45
6,2012,46
6,2013,36
6,2014,31
6,2015,43
6,2016,32
7,2002,36
7,2003,33
7,2004,41
7,2005,28
7,2006,27
7,2007,33
7,2008,28
7,2009,38
7,2010,42
7,2011,47
7,2012,35
7,2013,36
7,2014,35
7,2015,36
7,2016,43
8,2002,30
8,2003,35
8,2004,48
8,2005,28
8,2006,35
8,2007,30
8,2008,36
8,2009,38
8,2010,36
8,2011,33
8,2012,39
8,2013,38
8,2014,42
8,2015,37
8,2016,41
9,2002,49
9,2003,40
9,2004,38
9,2005,31
9,2006,34
9,2007,38
9,2008,40
9,2009,40
9,2010,38
9,2011,34
9,2012,41
9,2013,41
9,2014,32
9,2015,43
9,2016,34
10,2002,31
10,2003,38
10,2004,36
10,2005,40
10,2006,28
10,2007,39
10,2008,31
10,2009,31
10,2010,36
10,2011,32
10,2012,40
10,2013,31
10,2014,44
10,2015,41
10,2016,40
