1,2002,47
1,2003,59
1,2004,58
1,2005,43
1,2006,43
1,2007,45
1,2008,56
1,2009,52
1,2010,52
1,2011,53
1,2012,55
1,2013,44
1,2014,54
1,2015,57
1,2016,47
2,2002,37
2,2003,50
2,2004,54
2,2005,52
2,2006,46
2,2007,64
2,2008,62
2,2009,53
2,2010,51
2,2011,49
2,2012,72
2,2013,46
2,2014,40
2,2015,38
2,2016,40
3,2002,58
3,2003,53
3,2004,49
3,2005,46
3,2006,41
3,2007,48
3,2008,60
3,2009,45
3,2010,37
3,2011,46
3,2012,53
3,2013,52
3,2014,54
3,2015,60
3,2016,53
4,2002,54
4,2003,37
4,2004,43
4,2005,60
4,2006,59
4,2007,48
4,2008,53
4,2009,52
4,2010,32
4,2011,55
4,2012,31
4,2013,51
4,2014,65
4,2015,57
4,2016,55
5,2002,52
5,2003,52
5,2004,48
5,2005,45
5,2006,47
5,2007,49
5,2008,49
5,2009,47
5,2010,52
5,2011,54
5,2012,48
5,2013,55
5,2014,48
5,2015,51
5,2016,64
6,2002,51
6,2003,71
6,2004,53
6,2005,49
6,2006,63
6,2007,61
6,2008,53
6,2009,54
6,2010,52
6,2011,46
6,2012,42
6,2013,56
6,2014,46
6,2015,53
6,2016,44
7,2002,46
7,2003,47
7,2004,54
7,2005,47
7,2006,47
7,2007,57
7,2008,47
7,2009,41
7,2010,55
7,2011,48
7,2012,46
7,2013,56
7,2014,44
7,2015,65
7,2016,57
8,2002,51
8,2003,42
8,2004,44
8,2005,50
8,2006,60
8,2007,51
8,2008,39
8,2009,37
8,2010,53
8,2011,42
8,2012,50
8,2013,38
8,2014,46
8,2015,40
8,2016,56
9,2002,36
9,2003,42
9,2004,48
9,2005,53
9,2006,48
9,2007,57
9,2008,60
9,2009,55
9,2010,55
9,2011,58
9,2012,52
9,2013,60
9,2014,52
9,2015,51
9,2016,56
10,2002,47
10,2003,47
10,2004,46
10,2005,53
10,2006,53
10,2007,53
10,2008,56
10,2009,58
10,2010,51
10,2011,53
10,2012,49
10,2013,42
10,2014,41
10,2015,54
10,2016,45
