1,2002,59
1,2003,67
1,2004,47
1,2005,52
1,2006,60
1,2007,53
1,2008,49
1,2009,45
1,2010,48
1,2011,45
1,2012,58
1,2013,57
1,2014,65
1,2015,53
1,2016,56
2,2002,49
2,2003,60
2,2004,61
2,2005,43
2,2006,57
2,2007,50
2,2008,51
2,2009,52
2,2010,43
2,2011,55
2,2012,43
2,2013,63
2,2014,62
2,2015,57
2,2016,51
3,2002,61
3,2003,47
3,2004,56
3,2005,56
3,2006,43
3,2007,54
3,2008,61
3,2009,48
3,2010,64
3,2011,54
3,2012,53
3,2013,60
3,2014,49
3,2015,47
3,2016,46
4,2002,43
4,2003,49
4,2004,47
4,2005,55
4,2006,42
4,2007,41
4,2008,59
4,2009,49
4,2010,53
4,2011,39
4,2012,46
4,2013,62
4,2014,53
4,2015,56
4,2016,49
5,2002,60
5,2003,47
5,2004,43
5,2005,46
5,2006,60
5,2007,47
5,2008,54
5,2009,64
5,2010,58
5,2011,46
5,2012,50
5,2013,50
5,2014,54
5,2015,65
5,2016,49
6,2002,54
6,2003,48
6,2004,58
6,2005,55
6,2006,50
6,2007,58
6,2008,52
6,2009,64
6,2010,64
6,2011,56
6,2012,54
6,2013,57
6,2014,45
6,2015,52
6,2016,45
7,2002,46
7,2003,50
7,2004,47
7,2005,47
7,2006,57
7,2007,48
7,2008,51
7,2009,56
7,2010,55
7,2011,36
7,2012,54
7,2013,57
7,2014,43
7,2015,59
7,2016,48
8,2002,46
8,2003,50
8,2004,53
8,2005,37
8,2006,46
8,2007,48
8,2008,53
8,2009,50
8,2010,44
8,2011,42
8,2012,43
8,2013,50
8,2014,54
8,2015,54
8,2016,46
9,2002,55
9,2003,65
9,2004,52
9,2005,39
9,2006,58
9,2007,55
9,2008,52
9,2009,43
9,2010,52
9,2011,49
9,2012,54
9,2013,41
9,2014,51
9,2015,54
9,2016,53
10,2002,49
10,2003,57
10,2004,55
10,2005,62
10,2006,42
10,2007,49
10,2008,51
10,2009,68
10,2010,42
10,2011,50
10,2012,49
10,2013,47
10,2014,52
10,2015,41
10,2016,56
