1,2002,54
1,2003,72
1,2004,61
1,2005,74
1,2006,68
1,2007,78
1,2008,53
1,2009,47
1,2010,66
1,2011,61
1,2012,66
1,2013,70
1,2014,73
1,2015,61
1,2016,66
2,2002,73
2,2003,58
2,2004,68
2,2005,73
2,2006,62
2,2007,56
2,2008,72
2,2009,64
2,2010,72
2,2011,65
2,2012,58
2,2013,43
2,2014,77
2,2015,70
2,2016,59
3,2002,66
3,2003,80
3,2004,53
3,2005,76
3,2006,68
3,2007,51
3,2008,63
3,2009,68
3,2010,69
3,2011,54
3,2012,65
3,2013,56
3,2014,58
3,2015,67
3,2016,50
4,2002,73
4,2003,57
4,2004,60
4,2005,65
4,2006,72
4,2007,71
4,2008,54
4,2009,50
4,2010,65
4,2011,52
4,2012,72
4,2013,60
4,2014,56
4,2015,44
4,2016,56
5,2002,71
5,2003,61
5,2004,70
5,2005,70
5,2006,58
5,2007,60
5,2008,65
5,2009,55
5,2010,64
5,2011,57
5,2012,67
5,2013,72
5,2014,59
5,2015,63
5,2016,62
6,2002,75
6,2003,62
6,2004,69
6,2005,60
6,2006,73
6,2007,64
6,2008,68
6,2009,55
6,2010,71
6,2011,63
6,2012,50
6,2013,50
6,2014,58
6,2015,66
6,2016,53
7,2002,74
7,2003,61
7,2004,71
7,2005,59
7,2006,49
7,2007,65
7,2008,61
7,2009,58
7,2010,56
7,2011,68
7,2012,58
7,2013,53
7,2014,58
7,2015,61
7,2016,64
8,2002,60
8,2003,49
8,2004,56
8,2005,76
8,2006,65
8,2007,81
8,2008,67
8,2009,62
8,2010,58
8,2011,61
8,2012,68
8,2013,51
8,2014,52
8,2015,51
8,2016,53
9,2002,59
9,2003,67
9,2004,78
9,2005,73
9,2006,68
9,2007,56
9,2008,77
9,2009,57
9,2010,61
9,2011,56
9,2012,61
9,2013,51
9,2014,49
9,2015,59
9,2016,65
10,2002,65
10,2003,50
10,2004,59
10,2005,64
10,2006,68
10,2007,57
10,2008,66
10,2009,58
10,2010,51
10,2011,58
10,2012,62
10,2013,56
10,2014,63
10,2015,57
10,2016,63
