1,2002,129
1,2003,188
1,2004,165
1,2005,175
1,2006,109
1,2007,123
1,2008,168
1,2009,140
1,2010,184
1,2011,191
1,2012,103
1,2013,172
1,2014,120
1,2015,164
1,2016,185
2,2002,243
2,2003,152
2,2004,149
2,2005,167
2,2006,171
2,2007,80
2,2008,147
2,2009,189
2,2010,147
2,2011,205
2,2012,155
2,2013,93
2,2014,163
2,2015,151
2,2016,207
3,2002,178
3,2003,140
3,2004,160
3,2005,205
3,2006,180
3,2007,75
3,2008,121
3,2009,155
3,2010,147
3,2011,214
3,2012,217
3,2013,126
3,2014,156
3,2015,103
3,2016,171
4,2002,92
4,2003,197
4,2004,168
4,2005,128
4,2006,143
4,2007,174
4,2008,167
4,2009,155
4,2010,152
4,2011,109
4,2012,160
4,2013,197
4,2014,238
4,2015,228
4,2016,111
5,2002,121
5,2003,183
5,2004,120
5,2005,81
5,2006,103
5,2007,133
5,2008,127
5,2009,145
5,2010,168
5,2011,95
5,2012,128
5,2013,158
5,2014,54
5,2015,148
5,2016,191
6,2002,223
6,2003,115
6,2004,222
6,2005,138
6,2006,152
6,2007,112
6,2008,127
6,2009,157
6,2010,122
6,2011,188
6,2012,169
6,2013,166
6,2014,185
6,2015,279
6,2016,101
7,2002,196
7,2003,136
7,2004,147
7,2005,96
7,2006,125
7,2007,163
7,2008,111
7,2009,124
7,2010,154
7,2011,110
7,2012,185
7,2013,191
7,2014,125
7,2015,134
7,2016,148
8,2002,141
8,2003,162
8,2004,168
8,2005,191
8,2006,182
8,2007,225
8,2008,114
8,2009,109
8,2010,132
8,2011,131
8,2012,155
8,2013,159
8,2014,111
8,2015,149
8,2016,150
9,2002,140
9,2003,118
9,2004,130
9,2005,146
9,2006,144
9,2007,166
9,2008,112
9,2009,116
9,2010,108
9,2011,146
9,2012,211
9,2013,168
9,2014,161
9,2015,115
9,2016,200
10,2002,166
10,2003,95
10,2004,175
10,2005,117
10,2006,64
10,2007,140
10,2008,200
10,2009,110
10,2010,101
10,2011,113
10,2012,154
10,2013,114
10,2014,130
10,2015,156
10,2016,206
