1,2002,50
1,2003,49
1,2004,48
1,2005,57
1,2006,39
1,2007,34
1,2008,46
1,2009,46
1,2010,53
1,2011,47
1,2012,39
1,2013,54
1,2014,36
1,2015,71
1,2016,63
2,2002,87
2,2003,49
2,2004,51
2,2005,56
2,2006,60
2,2007,30
2,2008,43
2,2009,60
2,2010,54
2,2011,59
2,2012,62
2,2013,30
2,2014,42
2,2015,56
2,2016,54
3,2002,69
3,2003,58
3,2004,51
3,2005,60
3,2006,52
3,2007,32
3,2008,59
3,2009,50
3,2010,57
3,2011,79
3,2012,74
3,2013,37
3,2014,75
3,2015,40
3,2016,49
4,2002,28
4,2003,67
4,2004,42
4,2005,41
4,2006,45
4,2007,75
4,2008,57
4,2009,49
4,2010,51
4,2011,28
4,2012,59
4,2013,64
4,2014,72
4,2015,64
4,2016,37
5,2002,44
5,2003,68
5,2004,48
5,2005,23
5,2006,41
5,2007,34
5,2008,52
5,2009,53
5,2010,42
5,2011,30
5,2012,54
5,2013,40
5,2014,22
5,2015,46
5,2016,51
6,2002,68
6,2003,32
6,2004,67
6,2005,40
6,2006,36
6,2007,39
6,2008,50
6,2009,50
6,2010,42
6,2011,67
6,2012,66
6,2013,37
6,2014,53
6,2015,87
6,2016,26
7,2002,58
7,2003,37
7,2004,63
7,2005,46
7,2006,39
7,2007,45
7,2008,37
7,2009,38
7,2010,39
7,2011,55
7,2012,57
7,2013,63
7,2014,33
7,2015,44
7,2016,44
8,2002,60
8,2003,34
8,2004,50
8,2005,54
8,2006,40
8,2007,70
8,2008,33
8,2009,33
8,2010,29
8,2011,74
8,2012,46
8,2013,49
8,2014,55
8,2015,40
8,2016,39
9,2002,55
9,2003,38
9,2004,49
9,2005,63
9,2006,56
9,2007,61
9,2008,48
9,2009,46
9,2010,34
9,2011,54
9,2012,67
9,2013,59
9,2014,57
9,2015,49
9,2016,61
10,2002,58
10,2003,32
10,2004,58
10,2005,48
10,2006,28
10,2007,63
10,2008,62
10,2009,44
10,2010,42
10,2011,45
10,2012,55
10,2013,31
10,2014,48
10,2015,46
10,2016,70
