1,2002,179
1,2003,237
1,2004,213
1,2005,232
1,2006,148
1,2007,157
1,2008,214
1,2009,186
1,2010,237
1,2011,238
1,2012,142
1,2013,226
1,2014,156
1,2015,235
1,2016,248
2,2002,330
2,2003,201
2,2004,200
2,2005,223
2,2006,231
2,2007,110
2,2008,190
2,2009,249
2,2010,201
2,2011,264
2,2012,217
2,2013,123
2,2014,205
2,2015,207
2,2016,261
3,2002,247
3,2003,198
3,2004,211
3,2005,265
3,2006,232
3,2007,107
3,2008,180
3,2009,205
3,2010,204
3,2011,293
3,2012,291
3,2013,163
3,2014,231
3,2015,143
3,2016,220
4,2002,120
4,2003,264
4,2004,210
4,2005,169
4,2006,188
4,2007,249
4,2008,224
4,2009,204
4,2010,203
4,2011,137
4,2012,219
4,2013,261
4,2014,310
4,2015,292
4,2016,148
5,2002,165
5,2003,251
5,2004,168
5,2005,104
5,2006,144
5,2007,167
5,2008,179
5,2009,198
5,2010,210
5,2011,125
5,2012,182
5,2013,198
5,2014,76
5,2015,194
5,2016,242
6,2002,291
6,2003,147
6,2004,289
6,2005,178
6,2006,188
6,2007,151
6,2008,177
6,2009,207
6,2010,164
6,2011,255
6,2012,235
6,2013,203
6,2014,238
6,2015,366
6,2016,127
7,2002,254
7,2003,173
7,2004,210
7,2005,142
7,2006,164
7,2007,208
7,2008,148
7,2009,162
7,2010,193
7,2011,165
7,2012,242
7,2013,254
7,2014,158
7,2015,178
7,2016,192
8,2002,201
8,2003,196
8,2004,218
8,2005,245
8,2006,222
8,2007,295
8,2008,147
8,2009,142
8,2010,161
8,2011,205
8,2012,201
8,2013,208
8,2014,166
8,2015,189
8,2016,189
9,2002,195
9,2003,156
9,2004,179
9,2005,209
9,2006,200
9,2007,227
9,2008,160
9,2009,162
9,2010,142
9,2011,200
9,2012,278
9,2013,227
9,2014,218
9,2015,164
9,2016,261
10,2002,224
10,2003,127
10,2004,233
10,2005,165
10,2006,92
10,2007,203
10,2008,262
10,2009,154
10,2010,143
10,2011,158
10,2012,209
10,2013,145
10,2014,178
10,2015,202
10,2016,276
