1,2002,8
1,2003,9
1,2004,13
1,2005,18
1,2006,18
1,2007,17
1,2008,9
1,2009,16
1,2010,22
1,2011,23
1,2012,26
1,2013,12
1,2014,25
1,2015,10
1,2016,16
2,2002,22
2,2003,10
2,2004,19
2,2005,10
2,2006,20
2,2007,26
2,2008,12
2,2009,14
2,2010,7
2,2011,22
2,2012,18
2,2013,10
2,2014,24
2,2015,23
2,2016,21
3,2002,36
3,2003,5
3,2004,25
3,2005,20
3,2006,15
3,2007,36
3,2008,11
3,2009,22
3,2010,18
3,2011,9
3,2012,21
3,2013,19
3,2014,17
3,2015,7
3,2016,10
4,2002,9
4,2003,11
4,2004,22
4,2005,23
4,2006,16
4,2007,20
4,2008,16
4,2009,15
4,2010,22
4,2011,18
4,2012,7
4,2013,23
4,2014,16
4,2015,14
4,2016,13
5,2002,16
5,2003,11
5,2004,21
5,2005,16
5,2006,8
5,2007,17
5,2008,14
5,2009,22
5,2010,24
5,2011,10
5,2012,25
5,2013,10
5,2014,11
5,2015,9
5,2016,20
6,2002,29
6,2003,20
6,2004,10
6,2005,16
6,2006,27
6,2007,16
6,2008,33
6,2009,21
6,2010,19
6,2011,26
6,2012,26
6,2013,36
6,2014,10
6,2015,18
6,2016,21
7,2002,27
7,2003,15
7,2004,8
7,2005,26
7,2006,31
7,2007,9
7,2008,19
7,2009,19
7,2010,15
7,2011,18
7,2012,16
7,2013,19
7,2014,25
7,2015,6
7,2016,16
8,2002,8
8,2003,15
8,2004,18
8,2005,19
8,2006,17
8,2007,23
8,2008,17
8,2009,7
8,2010,20
8,2011,19
8,2012,19
8,2013,18
8,2014,23
8,2015,32
8,2016,16
9,2002,24
9,2003,19
9,2004,8
9,2005,34
9,2006,8
9,2007,22
9,2008,14
9,2009,11
9,2010,24
9,2011,15
9,2012,18
9,2013,19
9,2014,22
9,2015,13
9,2016,16
10,2002,13
10,2003,17
10,2004,16
10,2005,15
10,2006,29
10,2007,25
10,2008,15
10,2009,11
10,2010,24
10,2011,28
10,2012,21
10,2013,33
10,2014,16
10,2015,24
10,2016,8
