1,2002,41
1,2003,38
1,2004,61
1,2005,100
1,2006,110
1,2007,106
1,2008,43
1,2009,113
1,2010,97
1,2011,112
1,2012,87
1,2013,63
1,2014,113
1,2015,45
1,2016,87
2,2002,94
2,2003,56
2,2004,102
2,2005,45
2,2006,88
2,2007,74
2,2008,46
2,2009,118
2,2010,56
2,2011,109
2,2012,118
2,2013,42
2,2014,101
2,2015,118
2,2016,121
3,2002,137
3,2003,43
3,2004,121
3,2005,95
3,2006,94
3,2007,120
3,2008,63
3,2009,127
3,2010,102
3,2011,73
3,2012,104
3,2013,110
3,2014,94
3,2015,47
3,2016,56
4,2002,93
4,2003,78
4,2004,117
4,2005,103
4,2006,93
4,2007,91
4,2008,87
4,2009,86
4,2010,94
4,2011,107
4,2012,50
4,2013,83
4,2014,76
4,2015,96
4,2016,65
5,2002,74
5,2003,54
5,2004,120
5,2005,75
5,2006,45
5,2007,104
5,2008,79
5,2009,93
5,2010,108
5,2011,55
5,2012,95
5,2013,55
5,2014,53
5,2015,60
5,2016,106
6,2002,119
6,2003,113
6,2004,57
6,2005,117
6,2006,95
6,2007,87
6,2008,132
6,2009,131
6,2010,123
6,2011,98
6,2012,107
6,2013,142
6,2014,56
6,2015,106
6,2016,107
7,2002,117
7,2003,56
7,2004,45
7,2005,122
7,2006,120
7,2007,55
7,2008,115
7,2009,84
7,2010,79
7,2011,89
7,2012,51
7,2013,101
7,2014,101
7,2015,46
7,2016,85
8,2002,48
8,2003,124
8,2004,96
8,2005,88
8,2006,95
8,2007,108
8,2008,56
8,2009,46
8,2010,104
8,2011,59
8,2012,98
8,2013,101
8,2014,99
8,2015,129
8,2016,102
9,2002,104
9,2003,103
9,2004,59
9,2005,137
9,2006,46
9,2007,112
9,2008,47
9,2009,40
9,2010,92
9,2011,81
9,2012,106
9,2013,90
9,2014,106
9,2015,108
9,2016,94
10,2002,73
10,2003,54
10,2004,93
10,2005,90
10,2006,136
10,2007,136
10,2008,50
10,2009,48
10,2010,97
10,2011,115
10,2012,77
10,2013,133
10,2014,73
10,2015,104
10,2016,36
