1,2002,13
1,2003,11
1,2004,19
1,2005,29
1,2006,28
1,2007,36
1,2008,13
1,2009,40
1,2010,23
1,2011,28
1,2012,28
1,2013,21
1,2014,30
1,2015,16
1,2016,30
2,2002,28
2,2003,21
2,2004,35
2,2005,8
2,2006,20
2,2007,9
2,2008,15
2,2009,38
2,2010,22
2,2011,24
2,2012,37
2,2013,17
2,2014,38
2,2015,40
2,2016,33
3,2002,34
3,2003,15
3,2004,36
3,2005,33
3,2006,23
3,2007,39
3,2008,20
3,2009,38
3,2010,33
3,2011,28
3,2012,30
3,2013,44
3,2014,39
3,2015,18
3,2016,21
4,2002,43
4,2003,29
4,2004,39
4,2005,34
4,2006,29
4,2007,24
4,2008,29
4,2009,33
4,2010,26
4,2011,30
4,2012,18
4,2013,20
4,2014,22
4,2015,38
4,2016,21
5,2002,25
5,2003,18
5,2004,36
5,2005,29
5,2006,17
5,2007,36
5,2008,19
5,2009,25
5,2010,33
5,2011,18
5,2012,30
5,2013,14
5,2014,16
5,2015,15
5,2016,30
6,2002,32
6,2003,30
6,2004,19
6,2005,31
6,2006,33
6,2007,20
6,2008,44
6,2009,41
6,2010,31
6,2011,23
6,2012,28
6,2013,36
6,2014,21
6,2015,31
6,2016,34
7,2002,36
7,2003,18
7,2004,15
7,2005,35
7,2006,37
7,2007,15
7,2008,37
7,2009,23
7,2010,27
7,2011,27
7,2012,13
7,2013,38
7,2014,31
7,2015,18
7,2016,27
8,2002,14
8,2003,38
8,2004,35
8,2005,30
8,2006,24
8,2007,35
8,2008,14
8,2009,13
8,2010,25
8,2011,13
8,2012,36
8,2013,33
8,2014,36
8,2015,44
8,2016,37
9,2002,30
9,2003,36
9,2004,18
9,2005,50
9,2006,13
9,2007,32
9,2008,13
9,2009,13
9,2010,24
9,2011,21
9,2012,34
9,2013,25
9,2014,34
9,2015,41
9,2016,35
10,2002,27
10,2003,14
10,2004,28
10,2005,26
10,2006,39
10,2007,44
10,2008,14
10,2009,16
10,2010,24
10,2011,30
10,2012,19
10,2013,38
10,2014,22
10,2015,23
10,2016,12
