1,2002,20
1,2003,18
1,2004,29
1,2005,53
1,2006,64
1,2007,53
1,2008,21
1,2009,57
1,2010,52
1,2011,61
1,2012,33
1,2013,30
1,2014,58
1,2015,19
1,2016,41
2,2002,44
2,2003,25
2,2004,48
2,2005,27
2,2006,48
2,2007,39
2,2008,19
2,2009,66
2,2010,27
2,2011,63
2,2012,63
2,2013,15
2,2014,39
2,2015,55
2,2016,67
3,2002,67
3,2003,23
3,2004,60
3,2005,42
3,2006,56
3,2007,45
3,2008,32
3,2009,67
3,2010,51
3,2011,36
3,2012,53
3,2013,47
3,2014,38
3,2015,22
3,2016,25
4,2002,41
4,2003,38
4,2004,56
4,2005,46
4,2006,48
4,2007,47
4,2008,42
4,2009,38
4,2010,46
4,2011,59
4,2012,25
4,2013,40
4,2014,38
4,2015,44
4,2016,31
5,2002,33
5,2003,25
5,2004,63
5,2005,30
5,2006,20
5,2007,51
5,2008,46
5,2009,46
5,2010,51
5,2011,27
5,2012,40
5,2013,31
5,2014,26
5,2015,36
5,2016,56
6,2002,58
6,2003,63
6,2004,28
6,2005,70
6,2006,35
6,2007,51
6,2008,55
6,2009,69
6,2010,73
6,2011,49
6,2012,53
6,2013,70
6,2014,25
6,2015,57
6,2016,52
7,2002,54
7,2003,23
7,2004,22
7,2005,61
7,2006,52
7,2007,31
7,2008,59
7,2009,42
7,2010,37
7,2011,44
7,2012,22
7,2013,44
7,2014,45
7,2015,22
7,2016,42
8,2002,26
8,2003,71
8,2004,43
8,2005,39
8,2006,54
8,2007,50
8,2008,25
8,2009,26
8,2010,59
8,2011,27
8,2012,43
8,2013,50
8,2014,40
8,2015,53
8,2016,49
9,2002,50
9,2003,48
9,2004,33
9,2005,53
9,2006,25
9,2007,58
9,2008,20
9,2009,16
9,2010,44
9,2011,45
9,2012,54
9,2013,46
9,2014,50
9,2015,54
9,2016,43
10,2002,33
10,2003,23
10,2004,49
10,2005,49
10,2006,68
10,2007,67
10,2008,21
10,2009,21
10,2010,49
10,2011,57
10,2012,37
10,2013,62
10,2014,35
10,2015,57
10,2016,16
