1,2002,287
1,2003,203
1,2004,219
1,2005,81
1,2006,193
1,2007,61
1,2008,311
1,2009,285
1,2010,67
1,2011,66
1,2012,69
1,2013,65
1,2014,60
1,2015,64
1,2016,68
2,2002,283
2,2004,190
2,2005,267
2,2006,61
2,2007,252
2,2008,181
2,2009,287
2,2010,80
2,2011,61
2,2012,69
2,2013,76
2,2014,67
2,2015,67
2,2016,71
3,2002,273
3,2003,273
3,2004,334
3,2005,206
3,2006,291
3,2007,217
3,2008,2
3,2009,1
3,2010,61
3,2011,65
3,2012,66
3,2013,68
3,2014,60
3,2015,50
3,2016,60
4,2002,211
4,2003,305
4,2004,49
4,2005,66
4,2006,248
4,2007,236
4,2008,182
4,2009,283
4,2010,65
4,2011,80
4,2012,62
4,2013,63
4,2014,66
4,2015,66
4,2016,71
5,2002,234
5,2003,284
5,2004,58
5,2005,308
5,2006,64
5,2007,220
5,2008,54
5,2009,251
5,2010,67
5,2011,62
5,2012,63
5,2013,67
5,2014,64
5,2015,58
5,2016,74
6,2002,187
6,2003,294
6,2004,67
6,2005,327
6,2006,64
6,2007,64
6,2008,230
6,2009,210
6,2010,65
6,2011,71
6,2012,69
6,2013,62
6,2014,67
6,2015,57
6,2016,68
7,2002,213
7,2003,295
7,2004,213
7,2005,321
7,2006,55
7,2007,307
7,2008,216
7,2009,267
7,2010,58
7,2011,55
7,2012,70
7,2013,79
7,2014,71
7,2015,69
7,2016,68
8,2002,57
8,2003,317
8,2004,230
8,2005,223
8,2006,66
8,2007,188
8,2008,219
8,2009,184
8,2010,72
8,2011,58
8,2012,64
8,2013,73
8,2014,54
8,2015,57
8,2016,58
9,2002,228
9,2003,296
9,2004,80
9,2005,307
9,2006,67
9,2007,69
9,2008,184
9,2009,3
9,2010,60
9,2011,49
9,2012,52
9,2013,71
9,2014,82
9,2015,61
9,2016,56
10,2002,68
10,2003,61
10,2004,53
10,2005,297
10,2007,225
10,2008,78
10,2009,1
10,2010,68
10,2011,64
10,2012,71
10,2013,48
10,2014,61
10,2015,59
10,2016,62
