1,2002,77
1,2003,51
1,2004,64
1,2005,19
1,2006,53
1,2007,17
1,2008,86
1,2009,68
1,2010,13
1,2011,20
1,2012,17
1,2013,11
1,2014,18
1,2015,16
1,2016,14
2,2002,75
2,2004,44
2,2005,69
2,2006,16
2,2007,60
2,2008,44
2,2009,70
2,2010,20
2,2011,20
2,2012,19
2,2013,14
2,2014,17
2,2015,22
2,2016,14
3,2002,63
3,2003,67
3,2004,88
3,2005,43
3,2006,86
3,2007,57
3,2010,18
3,2011,15
3,2012,14
3,2013,12
3,2014,16
3,2015,16
3,2016,15
4,2002,59
4,2003,76
4,2004,8
4,2005,19
4,2006,57
4,2007,64
4,2008,35
4,2009,65
4,2010,21
4,2011,18
4,2012,18
4,2013,19
4,2014,17
4,2015,15
4,2016,23
5,2002,49
5,2003,82
5,2004,11
5,2005,80
5,2006,17
5,2007,60
5,2008,12
5,2009,61
5,2010,26
5,2011,11
5,2012,11
5,2013,16
5,2014,14
5,2015,14
5,2016,25
6,2002,36
6,2003,63
6,2004,11
6,2005,85
6,2006,12
6,2007,13
6,2008,61
6,2009,60
6,2010,15
6,2011,17
6,2012,14
6,2013,12
6,2014,23
6,2015,16
6,2016,18
7,2002,70
7,2003,77
7,2004,57
7,2005,77
7,2006,12
7,2007,78
7,2008,59
7,2009,65
7,2010,14
7,2011,14
7,2012,22
7,2013,11
7,2014,16
7,2015,23
7,2016,22
8,2002,14
8,2003,82
8,2004,63
8,2005,46
8,2006,19
8,2007,40
8,2008,59
8,2009,44
8,2010,14
8,2011,13
8,2012,17
8,2013,25
8,2014,17
8,2015,18
8,2016,11
9,2002,52
9,2003,66
9,2004,17
9,2005,76
9,2006,18
9,2007,23
9,2008,40
9,2009,1
9,2010,15
9,2011,11
9,2012,18
9,2013,14
9,2014,24
9,2015,15
9,2016,14
10,2002,15
10,2003,10
10,2004,14
10,2005,80
10,2007,64
10,2008,26
10,2009,1
10,2010,19
10,2011,12
10,2012,17
10,2013,16
10,2014,17
10,2015,16
10,2016,13
