1,2002,210
1,2003,152
1,2004,155
1,2005,62
1,2006,140
1,2007,44
1,2008,225
1,2009,217
1,2010,54
1,2011,46
1,2012,52
1,2013,54
1,2014,42
1,2015,48
1,2016,54
2,2002,208
2,2004,146
2,2005,198
2,2006,45
2,2007,192
2,2008,137
2,2009,217
2,2010,60
2,2011,41
2,2012,50
2,2013,62
2,2014,50
2,2015,45
2,2016,57
3,2002,210
3,2003,206
3,2004,246
3,2005,163
3,2006,205
3,2007,160
3,2008,2
3,2009,1
3,2010,43
3,2011,50
3,2012,52
3,2013,56
3,2014,44
3,2015,34
3,2016,45
4,2002,152
4,2003,229
4,2004,41
4,2005,47
4,2006,191
4,2007,172
4,2008,147
4,2009,218
4,2010,44
4,2011,62
4,2012,44
4,2013,44
4,2014,49
4,2015,51
4,2016,48
5,2002,185
5,2003,202
5,2004,47
5,2005,228
5,2006,47
5,2007,160
5,2008,42
5,2009,190
5,2010,41
5,2011,51
5,2012,52
5,2013,51
5,2014,50
5,2015,44
5,2016,49
6,2002,151
6,2003,231
6,2004,56
6,2005,242
6,2006,52
6,2007,51
6,2008,169
6,2009,150
6,2010,50
6,2011,54
6,2012,55
6,2013,50
6,2014,44
6,2015,41
6,2016,50
7,2002,143
7,2003,218
7,2004,156
7,2005,244
7,2006,43
7,2007,229
7,2008,157
7,2009,202
7,2010,44
7,2011,41
7,2012,48
7,2013,68
7,2014,55
7,2015,46
7,2016,46
8,2002,43
8,2003,235
8,2004,167
8,2005,177
8,2006,47
8,2007,148
8,2008,160
8,2009,140
8,2010,58
8,2011,45
8,2012,47
8,2013,48
8,2014,37
8,2015,39
8,2016,47
9,2002,176
9,2003,230
9,2004,63
9,2005,231
9,2006,49
9,2007,46
9,2008,144
9,2009,2
9,2010,45
9,2011,38
9,2012,34
9,2013,57
9,2014,58
9,2015,46
9,2016,42
10,2002,53
10,2003,51
10,2004,39
10,2005,217
10,2007,161
10,2008,52
10,2010,49
10,2011,52
10,2012,54
10,2013,32
10,2014,44
10,2015,43
10,2016,49
